ID12101	1	48	0	0
ID12102	0	40	1	3
ID12103	0	51	0	0
ID12104	0	23	0	3
ID12105	0	57	0	1
ID12106	1	57	0	3
ID12107	1	22	1	1
ID12108	0	58	1	3
ID12109	0	37	0	2
ID12110	0	54	1	3
ID12111	0	66	0	3
ID12112	0	52	0	0
ID12113	1	44	0	3
ID12114	1	66	0	3
ID12115	0	36	1	1
ID12116	0	38	0	0
ID12117	0	37	0	3
ID12118	0	46	0	2
ID12119	1	62	0	0
ID12120	0	31	1	3
ID12121	1	61	1	0
ID12122	0	50	1	3
ID12123	0	54	1	0
ID12124	0	27	0	3
ID12125	0	22	1	0
ID12126	0	56	1	0
ID12127	0	45	1	0
ID12128	1	39	0	3
ID12129	0	39	0	0
ID12130	1	61	1	1
ID12131	0	61	0	1
ID12132	0	20	0	3
ID12133	1	45	1	2
ID12134	0	33	0	0
ID12135	1	43	1	2
ID12136	0	27	0	0
ID12137	0	19	1	1
ID12138	1	36	0	1
ID12139	0	43	0	3
ID12140	0	66	0	2
ID12141	1	55	1	3
ID12142	0	47	0	0
ID12143	1	67	1	3
ID12144	0	32	0	3
ID12145	0	20	1	0
ID12146	1	64	1	0
ID12147	1	50	0	0
ID12148	1	29	1	0
ID12149	1	52	1	0
ID12150	0	47	0	1
ID12151	0	24	1	3
ID12152	0	36	1	3
ID12153	1	43	1	3
ID12154	1	48	1	2
ID12155	0	63	1	3
ID12156	1	52	0	1
ID12157	1	58	0	0
ID12158	1	28	1	0
ID12159	0	29	0	0
ID12160	1	34	1	0
ID12161	1	42	0	0
ID12162	1	65	0	0
ID12163	0	47	1	0
ID12164	0	20	1	0
ID12165	0	21	1	3
ID12166	0	42	1	0
ID12167	0	19	1	3
ID12168	0	41	0	3
ID12169	0	30	1	3
ID12170	1	31	0	1
ID12171	0	25	1	0
ID12172	1	21	1	0
ID12173	1	36	1	0
ID12174	0	58	0	0
ID12175	1	64	0	0
ID12176	1	59	0	1
ID12177	0	45	0	3
ID12178	1	61	1	0
ID12179	0	30	0	0
ID12180	1	58	0	3
ID12181	1	50	0	3
ID12182	0	30	1	0
ID12183	0	29	0	0
ID12184	1	35	1	0
ID12185	1	62	1	0
ID12186	1	36	1	0
ID12187	0	25	0	0
ID12188	0	66	0	3
ID12189	0	30	1	2
ID12190	1	54	0	0
ID12191	1	37	1	3
ID12192	0	28	0	0
ID12193	1	53	0	1
ID12194	0	61	1	0
ID12195	0	61	0	0
ID12196	0	18	0	0
ID12197	0	22	1	0
ID12198	1	34	1	3
ID12199	0	35	0	0
ID12200	0	18	0	1
ID12201	1	54	1	0
ID12202	0	27	0	0
ID12203	1	42	1	0
ID12204	0	43	1	3
ID12205	1	64	0	0
ID12206	0	43	1	3
ID12207	0	49	1	1
ID12208	0	23	1	0
ID12209	1	23	1	0
ID12210	0	30	0	0
ID12211	1	36	1	3
ID12212	0	34	1	0
ID12213	0	51	0	0
ID12214	1	36	1	3
ID12215	1	56	1	0
ID12216	0	54	0	0
ID12217	0	56	0	3
ID12218	0	26	1	0
ID12219	1	39	1	3
ID12220	1	64	0	1
ID12221	0	46	1	1
ID12222	1	62	0	1
ID12223	1	36	0	3
ID12224	1	35	0	1
ID12225	1	47	1	1
ID12226	1	47	1	0
ID12227	0	37	0	3
ID12228	0	48	0	0
ID12229	0	41	1	3
ID12230	1	27	0	1
ID12231	0	43	1	0
ID12232	0	61	1	1
ID12233	0	52	0	2
ID12234	0	64	0	2
ID12235	1	66	0	3
ID12236	1	53	0	3
ID12237	0	20	0	0
ID12238	1	57	0	0
ID12239	0	65	0	1
ID12240	1	64	0	0
ID12241	0	52	1	0
ID12242	0	47	0	0
ID12243	0	28	0	3
ID12244	0	64	1	3
ID12245	1	25	1	0
ID12246	1	58	1	2
ID12247	0	34	1	3
ID12248	0	20	0	0
ID12249	0	63	1	1
ID12250	0	30	0	2
ID12251	1	53	1	1
ID12252	1	43	1	3
ID12253	1	63	1	3
ID12254	1	33	1	0
ID12255	0	41	1	1
ID12256	1	20	0	2
ID12257	0	50	1	3
ID12258	0	24	1	1
ID12259	1	60	0	3
ID12260	1	44	0	3
ID12261	0	23	1	0
ID12262	0	40	0	0
ID12263	0	49	0	3
ID12264	0	21	0	3
ID12265	0	40	0	0
ID12266	1	26	1	1
ID12267	0	20	1	3
ID12268	0	24	1	0
ID12269	0	37	0	3
ID12270	0	56	1	0
ID12271	0	52	1	0
ID12272	0	22	1	0
ID12273	0	35	1	0
ID12274	1	34	1	1
ID12275	1	67	0	3
ID12276	1	58	0	0
ID12277	0	40	1	3
ID12278	1	41	0	0
ID12279	1	43	1	0
ID12280	1	63	1	0
ID12281	1	22	0	0
ID12282	1	60	1	1
ID12283	0	65	0	0
ID12284	0	48	0	0
ID12285	0	38	0	0
ID12286	1	49	1	1
ID12287	1	20	0	0
ID12288	1	48	0	3
ID12289	0	38	1	0
ID12290	0	41	0	0
ID12291	1	67	0	2
ID12292	0	39	1	0
ID12293	1	64	0	1
ID12294	1	41	1	0
ID12295	1	55	1	2
ID12296	1	52	1	0
ID12297	1	30	0	0
ID12298	1	52	1	0
ID12299	0	26	1	0
ID12300	1	26	0	0
ID12301	1	46	1	3
ID12302	0	46	0	3
ID12303	0	52	1	0
ID12304	0	37	1	0
ID12305	1	22	1	0
ID12306	1	18	1	0
ID12307	1	63	1	0
ID12308	0	25	0	0
ID12309	0	67	1	0
ID12310	1	27	1	0
ID12311	1	61	1	0
ID12312	1	58	1	3
ID12313	1	22	1	0
ID12314	1	28	1	3
ID12315	0	23	1	0
ID12316	0	27	1	2
ID12317	0	27	0	2
ID12318	0	40	0	0
ID12319	1	39	1	3
ID12320	0	35	0	0
ID12321	0	37	0	0
ID12322	1	47	1	0
ID12323	1	42	0	0
ID12324	0	67	0	0
ID12325	1	57	1	1
ID12326	1	47	0	1
ID12327	1	67	1	0
ID12328	1	56	1	3
ID12329	1	37	1	1
ID12330	1	27	1	0
ID12331	1	59	0	0
ID12332	0	31	1	0
ID12333	1	31	1	2
ID12334	0	32	0	3
ID12335	0	57	0	1
ID12336	1	49	0	0
ID12337	1	65	1	3
ID12338	0	22	0	0
ID12339	0	26	0	1
ID12340	0	23	1	0
ID12341	0	26	0	1
ID12342	1	59	0	0
ID12343	1	67	1	0
ID12344	0	34	0	0
ID12345	0	50	1	1
ID12346	0	46	1	2
ID12347	0	23	0	0
ID12348	0	26	1	1
ID12349	0	40	1	3
ID12350	0	36	1	3
ID12351	0	65	1	0
ID12352	1	45	0	3
ID12353	0	23	1	0
ID12354	1	42	0	3
ID12355	0	21	0	1
ID12356	1	62	0	0
ID12357	0	49	0	2
ID12358	0	28	0	3
ID12359	0	38	0	3
ID12360	0	36	1	3
ID12361	0	22	1	2
ID12362	1	40	0	3
ID12363	0	40	0	3
ID12364	0	60	0	0
ID12365	1	23	1	0
ID12366	1	21	1	0
ID12367	1	58	1	3
ID12368	1	48	0	2
ID12369	0	63	0	3
ID12370	0	20	1	3
ID12371	1	67	0	2
ID12372	1	62	0	0
ID12373	0	36	1	3
ID12374	1	31	1	0
ID12375	0	42	0	0
ID12376	1	18	1	1
ID12377	1	46	0	2
ID12378	1	25	1	3
ID12379	0	65	0	1
ID12380	1	40	1	3
ID12381	1	32	1	0
ID12382	0	18	0	0
ID12383	1	64	1	0
ID12384	0	43	0	0
ID12385	0	22	0	0
ID12386	0	25	1	3
ID12387	1	39	1	0
ID12388	0	58	0	0
ID12389	0	33	1	0
ID12390	1	52	0	1
ID12391	1	23	1	0
ID12392	1	44	0	0
ID12393	1	51	1	1
ID12394	0	26	0	3
ID12395	0	42	1	3
ID12396	0	34	1	3
ID12397	0	54	0	1
ID12398	0	18	1	1
ID12399	0	47	0	0
ID12400	0	24	0	0
ID12401	0	19	0	0
ID12402	0	37	0	3
ID12403	0	45	0	3
ID12404	0	49	1	1
ID12405	1	67	0	1
ID12406	0	35	0	1
ID12407	1	63	1	0
ID12408	1	38	1	1
ID12409	0	48	1	3
ID12410	0	28	0	0
ID12411	0	46	1	3
ID12412	1	66	1	0
ID12413	1	61	0	3
ID12414	0	18	0	1
ID12415	0	54	0	3
ID12416	0	45	1	1
ID12417	0	60	1	0
ID12418	1	45	0	3
ID12419	0	31	0	0
ID12420	0	39	1	2
ID12421	1	53	1	0
ID12422	1	35	1	1
ID12423	0	25	0	3
ID12424	1	32	1	3
ID12425	0	36	1	2
ID12426	1	24	0	3
ID12427	1	39	1	0
ID12428	1	24	1	0
ID12429	1	57	0	1
ID12430	0	27	0	3
ID12431	1	66	0	1
ID12432	0	18	0	0
ID12433	0	33	0	3
ID12434	0	48	1	2
ID12435	1	23	0	2
ID12436	1	44	1	3
ID12437	0	39	1	0
ID12438	0	65	1	0
ID12439	1	60	1	2
ID12440	1	20	1	0
ID12441	0	45	0	2
ID12442	1	66	1	1
ID12443	0	64	1	0
ID12444	0	51	0	0
ID12445	0	34	1	1
ID12446	1	65	0	3
ID12447	0	50	1	1
ID12448	0	66	0	0
ID12449	0	63	1	0
ID12450	1	53	0	0
ID12451	1	33	0	0
ID12452	0	38	1	3
ID12453	0	56	0	1
ID12454	1	48	1	3
ID12455	1	49	0	2
ID12456	1	54	0	1
ID12457	0	41	0	2
ID12458	1	19	1	1
ID12459	0	52	0	0
ID12460	1	52	0	0
ID12461	1	64	0	3
ID12462	0	56	1	3
ID12463	0	56	1	3
ID12464	0	19	0	3
ID12465	1	56	0	3
ID12466	1	27	1	0
ID12467	1	59	0	0
ID12468	0	56	1	0
ID12469	0	21	1	3
ID12470	0	64	1	0
ID12471	0	62	1	0
ID12472	1	44	0	0
ID12473	1	24	0	0
ID12474	0	52	0	0
ID12475	1	67	0	2
ID12476	0	41	1	0
ID12477	1	58	0	3
ID12478	0	40	1	0
ID12479	1	19	1	2
ID12480	0	20	0	0
ID12481	1	56	0	3
ID12482	0	46	0	0
ID12483	0	30	1	0
ID12484	1	40	0	3
ID12485	0	36	0	3
ID12486	0	57	0	0
ID12487	0	49	1	0
ID12488	1	61	1	0
ID12489	1	29	1	0
ID12490	0	48	0	0
ID12491	0	56	0	0
ID12492	1	40	1	3
ID12493	0	58	0	3
ID12494	0	60	0	0
ID12495	1	58	0	2
ID12496	0	67	0	3
ID12497	0	40	1	1
ID12498	1	48	1	0
ID12499	1	64	0	0
ID12500	0	43	1	3
ID12501	1	34	0	1
ID12502	0	26	1	1
ID12503	0	48	1	0
ID12504	1	35	1	0
ID12505	1	24	0	0
ID12506	1	47	1	2
ID12507	1	52	1	2
ID12508	1	31	1	2
ID12509	1	41	0	2
ID12510	0	23	1	2
ID12511	1	27	0	0
ID12512	0	22	1	0
ID12513	1	67	0	0
ID12514	1	26	0	0
ID12515	0	58	0	2
ID12516	0	27	1	1
ID12517	0	36	1	0
ID12518	1	31	1	1
ID12519	1	28	0	3
ID12520	0	57	1	3
ID12521	0	64	1	0
ID12522	1	49	1	0
ID12523	0	22	1	0
ID12524	0	58	0	0
ID12525	1	20	1	3
ID12526	0	44	0	1
ID12527	0	65	0	3
ID12528	1	53	0	0
ID12529	1	34	0	0
ID12530	0	35	1	1
ID12531	0	48	1	3
ID12532	1	64	0	3
ID12533	0	46	1	3
ID12534	1	42	0	1
ID12535	0	47	1	0
ID12536	0	23	1	3
ID12537	1	35	1	0
ID12538	1	64	0	0
ID12539	0	18	0	2
ID12540	0	19	1	0
ID12541	1	40	1	0
ID12542	0	47	1	0
ID12543	0	43	0	1
ID12544	1	38	1	3
ID12545	1	21	0	1
ID12546	0	40	1	1
ID12547	0	52	0	3
ID12548	1	35	0	3
ID12549	1	53	1	1
ID12550	1	38	0	1
ID12551	0	42	1	0
ID12552	0	43	1	3
ID12553	1	59	0	0
ID12554	0	59	0	1
ID12555	0	24	1	0
ID12556	0	27	0	0
ID12557	0	32	0	3
ID12558	0	65	0	0
ID12559	0	18	1	2
ID12560	1	66	1	3
ID12561	1	41	1	0
ID12562	0	64	0	2
ID12563	1	23	0	0
ID12564	0	29	0	1
ID12565	1	28	1	3
ID12566	0	57	0	3
ID12567	0	38	1	0
ID12568	1	34	0	2
ID12569	1	43	1	2
ID12570	0	63	1	3
ID12571	0	62	0	0
ID12572	0	51	0	0
ID12573	0	61	1	0
ID12574	1	41	0	3
ID12575	1	31	0	3
ID12576	0	33	0	3
ID12577	1	43	1	1
ID12578	0	40	1	0
ID12579	0	47	1	3
ID12580	1	46	1	3
ID12581	0	30	1	1
ID12582	1	47	1	0
ID12583	0	44	1	1
ID12584	0	23	1	1
ID12585	1	28	0	0
ID12586	0	64	0	0
ID12587	0	35	0	3
ID12588	1	19	1	1
ID12589	0	27	0	3
ID12590	1	27	1	0
ID12591	1	58	0	0
ID12592	1	46	0	3
ID12593	1	61	0	3
ID12594	1	59	1	0
ID12595	0	47	0	1
ID12596	1	44	1	0
ID12597	1	50	1	3
ID12598	1	64	1	0
ID12599	0	51	0	3
